keypress_duration,inter_key_delay,error_rate,session_length,swipe_speed,label
89.71227036064212,126.34159425144803,0.13205262149552768,263.0,1.3739429532144625,0.0
90.16102053038453,116.1079139043449,0.17675277522480692,433.0,1.0225361643752575,0.0
29.65949300537229,28.66196660231534,0.3715919905601458,21.0,3.511654824027479,1.0
73.11987072591,124.7169853030858,0.053522867452380246,90.0,2.010590380282165,0.0
78.99570240652699,104.1218307990032,0.12839486972778827,349.0,1.8119892480215878,0.0
83.63745186906833,121.39672419983583,0.0860838778068968,373.0,1.07622205502676,0.0
64.87195937085339,92.72691334189932,0.13806563451449178,398.0,1.3588246929683254,0.0
25.64851918747069,25.61713481843325,0.22604308973143256,30.0,3.9157734750374242,1.0
64.48537922488401,82.06374024156258,0.0879502183834515,371.0,1.4870403809744612,0.0
72.18015622044072,124.75344151499205,0.11443394974935849,102.0,1.5391433528362715,0.0
85.59578477651267,134.55594694433123,0.1288207811284004,212.0,0.6316661556248582,0.0
80.39878011989148,110.12371804922975,0.10385002219101769,57.0,1.5487009703433465,0.0
57.390115283404285,170.47150756020295,0.1635270290116813,94.0,0.9826499424165226,0.0
41.13208100588848,20.65095955162989,0.006312946698162549,9.0,2.876245256969688,1.0
60.298383888721425,16.842600758888505,0.35173262588600557,45.0,3.250076001236073,1.0
94.60841192326102,137.13522198873142,0.07213984291832198,324.0,1.5699180824468317,0.0
76.31357749980648,138.882120183066,0.11092853482794043,362.0,0.707644430932675,0.0
66.68456516428161,150.8071723896186,0.02898614185540403,146.0,1.6709934588321753,0.0
100.45793344720863,103.36282783078659,0.06999634584378363,173.0,1.1821668105135332,0.0
96.14360236199579,114.94044739798642,0.03271306324904593,276.0,1.0101316064217227,0.0
60.10410923390654,112.4287762504655,0.02147383332260105,239.0,0.9240030443494269,0.0
98.33812008011046,131.7159178895855,0.09242191050223637,133.0,1.164728022601224,0.0
27.406007394975084,19.064591665770735,0.692172933936493,39.0,3.1388723420920037,1.0
82.70545914539598,97.1402542851903,0.12355623313580648,157.0,1.0500643976269188,0.0
31.80347746755367,23.64954109931446,0.5597629784946793,22.0,4.035121863518561,1.0
71.57775459825675,57.44915109960366,0.07221555149401962,269.0,1.0612361274924522,0.0
71.13344862213341,102.690108858674,0.10907738499556728,272.0,0.9063104913708777,0.0
82.81960381229156,143.89632091559992,0.009121060823588344,274.0,1.0606992971758094,0.0
92.4368160659908,137.30125084630205,0.11390884319195435,96.0,1.510710264566889,0.0
63.7635920391757,180.32778337201543,0.13736363391504278,68.0,0.6621699512699467,0.0
84.90265205582034,151.38156753143699,0.08422837024268193,96.0,0.9987001158070918,0.0
98.21284743392752,185.57591299252874,0.1536966685595264,147.0,0.9069570709154624,0.0
84.5655009354539,164.32180994924008,0.11910228326840346,96.0,0.8520031680920275,0.0
78.69358743421235,126.45907889824537,0.01896583241526764,71.0,1.0919141649725708,0.0
86.71720575084066,122.94005742298148,0.14081447562455698,118.0,1.1964267447342545,0.0
30.229303505676125,26.622295589545175,0.7009793696487542,47.0,3.379937373109251,1.0
79.1932617377252,78.72259234195346,0.10820943995531133,152.0,1.3841039938063362,0.0
30.173460180335542,18.986514774730253,0.3331174756426628,13.0,3.1493498879090533,1.0
74.37582965226296,106.06858823413654,0.027170643399750963,204.0,1.6868523742092585,0.0
71.22688797600499,64.60988966638558,0.03369041950787805,191.0,1.7200569115326332,0.0
49.051425847928854,96.7604443121381,0.05232908778624821,355.0,1.0757228927535507,0.0
79.74798263743567,119.73615931543286,0.17398988711930596,257.0,0.7899327871948955,0.0
116.86136138113838,126.04034559644765,0.07769991295853176,382.0,1.5029920948617166,0.0
89.98077663459179,101.51120735423676,0.09789703135449787,486.0,1.557255313277427,0.0
65.66562248897903,143.06897614721237,0.039340835045545884,114.0,1.3309912733059466,0.0
39.6614803099868,23.635306447348484,0.12027481506287237,27.0,4.281329143213652,1.0
21.27564022510998,9.44710835740786,0.7640037479601909,20.0,3.4019159165414896,1.0
69.06374243384587,128.4920576402997,0.20546925263622248,312.0,0.6377952675208983,0.0
80.1275844008473,98.94699161199652,0.12099380386611408,373.0,1.3256374460179459,0.0
26.76339005006362,20.779114201361416,0.32981616479616166,19.0,4.145191530386517,1.0
27.32929461616911,23.57000611247883,0.353765360065104,47.0,3.516714027173738,1.0
69.85974041477947,197.1755231090919,0.23387424157152542,253.0,1.200099487576906,0.0
33.43369005734817,13.22121508521748,0.14322121858841183,48.0,2.9503157983756543,1.0
62.168554185157234,114.88834729931666,0.13409351258498117,465.0,0.7763881461361455,0.0
88.9033204235835,100.32769612703058,0.04328909562470683,102.0,0.5183448598692445,0.0
25.220322794639053,5.28323605931033,0.11239136393101255,7.0,3.785985009623529,1.0
74.35765893154851,67.20552876913604,0.035915973634916,106.0,1.058828254196724,0.0
97.36261637031701,130.9899880095013,0.04666286033784761,497.0,0.7583188152498941,0.0
23.14172319193261,25.389335502309887,0.037359772701582056,23.0,3.755512790203933,1.0
59.34026516719449,107.68398035954955,0.08384680665495395,209.0,1.4496225564875194,0.0
36.31862517724031,28.662735979309623,0.530908664248776,38.0,3.3369614071208864,1.0
74.98315741466185,106.39685104894221,0.04856016336154557,143.0,1.487553857717245,0.0
19.820854543446565,23.174545015848995,0.15223111828006233,24.0,2.9949282229075376,1.0
114.91479650519128,128.90747612208338,0.21639472865124257,346.0,1.2381217987288526,0.0
61.632964524192495,148.28297403675825,0.04964498292449396,65.0,1.104798865569849,0.0
37.33317864600333,19.919793184105753,0.21508605221764743,36.0,2.9590387756761705,1.0
33.99875684733573,23.04055116063365,0.017332285799657364,46.0,3.9382907913663745,1.0
74.27393159002506,129.89830615971795,0.061240712761279514,495.0,0.8825878795862128,0.0
35.204207493003935,22.122689322841236,0.29297490255296205,36.0,3.701099457998266,1.0
74.32756168940915,103.01115253256981,0.12793848564274524,185.0,1.0130898315246861,0.0
24.64391084740905,18.19931464516627,0.08214957062716728,23.0,2.7059626694286933,1.0
75.73454242939857,101.51421780027917,0.12280377621409018,305.0,0.41350382342874625,0.0
56.51361391729229,79.49702645620738,0.12127746453283511,427.0,1.2634530040297411,0.0
60.83093638520571,76.39202160205107,0.15132232481815314,396.0,1.212517083981174,0.0
89.21405657535595,145.06130981706693,0.014024357342702545,54.0,1.4368668762590737,0.0
76.21223998545553,167.2524848282619,0.14662440313571723,289.0,1.2813498890510329,0.0
24.117826483040506,23.90227716601772,0.4120059571002448,17.0,3.2249654453430794,1.0
89.3762780187223,131.61176188187233,0.1415778793848028,112.0,1.323897852051826,0.0
63.70148210614114,118.30676709338678,0.040452697721069436,87.0,1.0611332473724313,0.0
43.163482012046614,17.80774189739425,0.050981223114504794,24.0,3.191353024293901,1.0
86.4313465769242,116.4190140216937,0.11853915140045652,136.0,1.1412677363677706,0.0
109.9509633753768,92.09205938189848,0.12221876655584071,159.0,0.9687981531217216,0.0
81.35877360352619,157.93619428014108,0.04642573954738715,150.0,1.1991285199207813,0.0
13.70257453710914,23.601551778491466,0.06858238082959739,21.0,3.026162930848325,1.0
79.3885621079685,72.38705097605275,0.005925575481919284,160.0,1.1810157213249635,0.0
94.51199409387516,108.87868846580685,0.035914931952752874,367.0,1.4188279001796518,0.0
91.50975860691841,104.28681664376293,0.1138179127384558,300.0,1.368089503068031,0.0
92.18901931630467,117.25379941745376,0.016239447657839353,193.0,0.9734453525395775,0.0
101.41227925526758,117.29422759867835,0.15480949788041,369.0,1.4612857551754452,0.0
86.52149111699929,131.65422602554622,0.12755481967313775,99.0,1.0018239404469333,0.0
26.733962034034068,13.822735288728762,0.0157287585572104,10.0,4.208294364747211,1.0
55.765124910189826,148.93652046718,0.047463238796674904,289.0,1.3934174262192625,0.0
87.30458721178373,95.71541043321702,0.31205111920598383,75.0,1.2610568948329535,0.0
65.52324856651443,108.23880612387805,0.22399173703647487,134.0,1.1522411296234858,0.0
97.32968054160044,95.40738213687467,0.044299856653959864,330.0,1.8054331670267345,0.0
62.737032362216496,203.0230767609678,0.20746715081017933,371.0,1.036234924859142,0.0
67.79340907628183,70.93610254626427,0.11011130205227346,307.0,1.3193263428226052,0.0
75.07212165315659,50.238858753771396,0.06532776231068307,236.0,1.1075232265964772,0.0
77.7870697963947,122.11257381981866,0.09145147399661072,156.0,0.9415138473227418,0.0
31.416287738119035,26.56443952217071,0.1482823748460287,17.0,3.5326235639899273,1.0
110.90447255786117,105.20334463482268,0.07463361179337008,463.0,1.0414400381549709,0.0
66.66804030153622,102.41845080073324,0.10487832118302473,270.0,0.8136945990673147,0.0
42.78937235023187,114.71360823114073,0.1810808659023924,367.0,1.3668083624278753,0.0
36.77257630353213,19.248891952891935,0.11620575833700932,13.0,4.169089785023159,1.0
76.95587084486945,123.44801734743038,0.03117572861908221,171.0,0.7670209836980031,0.0
107.5537029248197,155.0861444188165,0.058603697071639975,387.0,1.4607898637906551,0.0
88.71165642994696,123.04342291950148,0.002109850324529475,111.0,1.4767524718494196,0.0
21.755339511872556,19.689959919821426,0.41648511251703385,19.0,3.529130364133267,1.0
88.07051659892376,138.77026714788462,0.10721273423567955,476.0,1.068563858636205,0.0
82.37809536615072,76.28586261241331,0.031152936321785927,291.0,1.69828891621825,0.0
24.908101698882373,11.24717565720011,0.2936097033121628,9.0,4.042078011705432,1.0
81.49216209523608,136.55576314593876,0.007171789397731575,183.0,0.6877667326012514,0.0
29.26645205423225,30.683061581601006,0.17079291350614792,22.0,2.995684108712914,1.0
75.08490358457058,99.65785414519502,0.22036013275210964,304.0,0.9170864415777213,0.0
58.85270856578285,100.69316625148056,0.055658303543335855,92.0,1.2341883236511737,0.0
27.394704362037928,12.019340717521386,0.266706240734464,6.0,3.56275981027381,1.0
83.93053718111571,123.14070089664378,0.16196412667721635,368.0,1.5719334925821102,0.0
109.0069022778228,71.75442566365376,0.1098344442783036,176.0,0.9401440760604025,0.0
30.02464761099707,21.171137352516464,0.2507501616151486,18.0,4.196565047924768,1.0
102.16090451255053,116.7439010194453,0.08874499508879573,226.0,1.0376479159437453,0.0
20.766536075403653,34.150298069589255,0.8176375956161575,13.0,4.452661598727416,1.0
61.261729427924884,17.579859089486167,0.2174757464941255,20.0,3.4699253246092217,1.0
25.928233195734073,7.707409234481965,0.3447859558578954,37.0,3.186072893579642,1.0
79.81521060606033,81.6573491186459,0.049849135682332804,444.0,1.5224785033759067,0.0
86.16757877023944,101.86204151461378,0.09665023229805447,176.0,1.2323286266028963,0.0
34.31761007850285,20.980708524793947,0.0694936381064937,45.0,2.976426816855359,1.0
17.90895426378061,20.467835384466394,0.006711278267719946,5.0,3.673204063434501,1.0
86.45452038436329,125.98905053734543,0.03482839629074846,319.0,1.4867545747839617,0.0
76.51596005113647,125.08421613579782,0.09963076845094962,192.0,0.9879454874852102,0.0
15.17960520563815,25.65162125423735,0.2631744443524051,22.0,3.8694947235183204,1.0
69.6744157665386,150.76044102773264,0.022462590543176852,163.0,1.486750071924265,0.0
83.0345928774679,92.46739387747458,0.022992508664654375,265.0,1.4014070924844377,0.0
85.68920051547744,138.14374747651704,0.07674797214947547,160.0,1.203958096794432,0.0
101.49821759909258,162.6631904977067,0.17109573137690043,130.0,1.3906517904458993,0.0
86.69796764044916,125.36222889858982,0.07462417632412392,194.0,1.1814563427290852,0.0
39.944279697365545,2.0,0.5736867636750824,35.0,3.739319658329904,1.0
18.762679343690863,20.657474816542052,0.4834249095092902,23.0,3.5008718750288996,1.0
75.23140177057306,132.58394678559745,0.25228241217859787,464.0,0.7272229925439244,0.0
101.92166438363303,98.11268417593061,0.10074485635073925,117.0,0.8192386285912132,0.0
71.99149642439669,126.58754781539832,0.11540646272967962,146.0,1.3917353319100052,0.0
96.92028286023954,121.32651008700549,0.050274630687516676,159.0,1.2682139965795252,0.0
89.4928687191096,130.19425723471292,0.2287677006457665,181.0,1.0506284752095303,0.0
18.082775569132796,23.72627938974419,0.09365134332197755,30.0,3.2279240436407037,1.0
68.20151337343746,95.95143477694648,0.17578221163971677,341.0,0.3830537061374826,0.0
77.45420305369433,53.41577224130842,0.02956467946249497,131.0,1.423562093289422,0.0
76.79293162864263,161.76212762922765,0.18529866553552712,442.0,0.9702162179919924,0.0
10.33533529105452,31.549594423581247,0.2074325009077458,39.0,2.981268509076645,1.0
30.30131029251634,28.743100462727256,0.10104645016176135,31.0,3.945460855276181,1.0
80.17168158637199,67.78491032916554,0.3593694289849395,423.0,1.269367262788356,0.0
34.992006591385696,13.329210459951947,0.7390532212435699,34.0,3.462057495497139,1.0
90.71594723945988,96.42070176205934,0.10187874115456101,366.0,0.6901570359640669,0.0
75.25636111484627,139.5524442420912,0.14512717373060857,494.0,1.0352769595953548,0.0
80.0200977013173,57.023809723162685,0.026105306208953835,309.0,1.1845985992389612,0.0
26.631190766048416,22.965127178161637,0.5905576166338743,14.0,2.6226917637158143,1.0
15.010276539516902,24.297553167853053,0.006379573657486835,40.0,3.1521098051976013,1.0
65.2226295153376,154.00706108626875,0.042902246141599015,325.0,1.0928902051940521,0.0
60.688661280889534,121.60373737852422,0.12242489451740453,377.0,1.2464409269923977,0.0
16.647325273220144,27.317693710546116,0.0573457974055208,19.0,2.646920117312915,1.0
54.702977731488474,81.76144793953482,0.15675461614868696,393.0,1.2569980725473533,0.0
64.32434435620547,153.299089293171,0.1719819157123468,288.0,0.8921098349712726,0.0
47.29684903265789,183.2065419983444,0.04207889371490053,406.0,0.9828723975673372,0.0
36.81505985819121,25.665220464991787,0.20595783055359176,25.0,3.147673345182832,1.0
44.85956554475849,12.139516073884817,0.031146390824678367,30.0,4.262559554941134,1.0
76.0538986331547,136.26585857172768,0.07314210595054674,228.0,1.3380501062086436,0.0
26.25256113693656,24.25294560642699,0.38505954495006095,20.0,2.9365134138106,1.0
51.93172825908519,153.01112042091668,0.04091443348963659,377.0,1.291119549251822,0.0
85.89241202389879,113.20636246367584,0.03487660661591516,476.0,1.3903198773484011,0.0
85.09813041789056,64.16418946483331,0.16084146551217465,356.0,0.7946244767710939,0.0
82.58881876583179,82.12832103428504,0.05716308653685445,165.0,1.6248820861796986,0.0
63.7341789164995,155.2651972952634,0.0282642776164119,109.0,1.2224296247684616,0.0
96.95148974606771,136.59230361075734,0.026532495894167455,106.0,0.8397675402230798,0.0
80.797330213668,128.45867602182472,0.02717806937131517,481.0,1.068968517966425,0.0
89.79867324921841,161.33208708824233,0.04951091669114507,295.0,0.5686782893199891,0.0
72.92712788825077,139.20640977986275,0.07008079140398295,126.0,1.1218661148688394,0.0
74.6560404340786,159.75440186624516,0.05155429382041497,321.0,1.4629215074211472,0.0
97.85620344940617,87.41896340897557,0.1075071053131494,243.0,1.5929051360000082,0.0
33.73063095375128,39.00094517019946,0.06472316062524096,47.0,3.951033409521239,1.0
66.46365357811231,128.1858755407732,0.04051530233775503,425.0,1.3335019683423037,0.0
