keypress_duration,inter_key_delay,error_rate,session_length,swipe_speed,label
39.343144797343044,4.267043800888999,0.4269241035346255,36.0,3.0298138487821484,1.0
30.720948008397553,15.133859402300015,0.0875343007233001,36.0,3.978323694922607,1.0
34.76427500294619,13.272635465118162,0.1577069614312426,49.0,4.192445250301302,1.0
75.51102944172115,141.94477223822804,0.16789489627002618,85.0,1.2221477650219152,0.0
70.20625783002932,117.34158164240498,0.10285188937991062,61.0,1.8755722350589363,0.0
48.733967675172885,86.63867236922397,0.0722156965531262,158.0,1.2486038255964358,0.0
68.72366228279749,144.79221929679773,0.19429205567273375,215.0,1.2255746314078309,0.0
28.51527931593034,23.888360546142568,0.358148660863745,29.0,3.643910504159444,1.0
53.63407412965053,47.57676446906888,0.15145604245234387,180.0,1.2470274488642097,0.0
45.810486838718745,22.244919015613867,0.014501314281495335,12.0,4.115626439678007,1.0
19.991553646838153,13.90327853346586,0.04097043573852701,48.0,4.171797700663713,1.0
24.43585852620898,22.639872737416265,0.3996539917814306,25.0,3.756103007063916,1.0
92.8696382188573,77.18590793441277,0.1513751233251907,257.0,1.2602466376385015,0.0
75.25703443128218,122.48154605589566,0.0656087265242723,336.0,1.5392923283418811,0.0
69.92131964480485,164.38771120952805,0.003257399567199535,289.0,1.6983641530716929,0.0
67.43902664258806,143.07708624111385,0.07229008957541477,420.0,1.1902118932473276,0.0
57.93790558246013,180.26266158555416,0.05719250373053964,272.0,1.189946162801906,0.0
38.16375941950614,30.08698004066802,0.2683652112731286,10.0,2.401430684382077,1.0
89.53056714291915,91.68139425833994,0.028584454951135842,289.0,0.8930066157702323,0.0
91.50234307676365,106.7426994876093,0.055145294009676896,139.0,1.2394247994587142,0.0
77.73422183589607,136.46948622230732,0.09465534980784404,242.0,0.8872622966718637,0.0
60.10405845022177,67.30569837761058,0.12221450459590182,392.0,1.0168915105487308,0.0
97.8145158908168,74.33402174425714,0.10281786328744703,232.0,1.053583240730886,0.0
41.52883487269149,114.11987106464953,0.03907508429232654,414.0,0.9590804567164465,0.0
78.58606168621165,135.09146005130594,0.061774575158908454,411.0,0.6413169095962575,0.0
70.07874661539776,124.36890943031655,0.08034904545496188,330.0,1.0646289215248368,0.0
32.90435515683544,14.181433498571547,0.33699695685714487,42.0,3.7712063705954093,1.0
54.14804888891873,139.54621861931878,0.08648355111157145,304.0,0.9889044492505226,0.0
16.87890469141879,18.331208015733075,0.5291309495080045,39.0,3.592614665468208,1.0
41.32895171891363,23.81237047390933,0.09772743136118223,40.0,3.412437430965639,1.0
88.3117475198614,153.58502042408747,0.08697091243918803,87.0,1.2787081075809046,0.0
18.702799656849486,14.733684874991166,0.3014022212708001,26.0,3.681654439834328,1.0
26.73849781949385,7.167263986491497,0.30859381064038105,44.0,3.9670251470560842,1.0
16.869753382457496,33.5432803610217,0.21449473752157197,34.0,3.7359435752559027,1.0
84.18296426970858,132.49104444416866,0.10572516669603083,91.0,1.9384429242072447,0.0
31.522181492964123,12.80256071921918,0.6036150718879864,6.0,3.3555156485416475,1.0
116.67695217588374,95.17247277796017,0.06072729210587151,165.0,1.4813374615575157,0.0
36.78996525742433,7.727520934228307,0.5050337245306318,9.0,3.4828824794582296,1.0
55.70192008412345,129.57284502070723,0.011153767460449951,396.0,2.1194184113684327,0.0
64.96484028963798,109.43204895150691,0.1259533248655563,309.0,1.356033669726839,0.0
88.7398286298156,150.74765079376198,0.027967250753219753,196.0,1.2393586468030189,0.0
29.3746080424525,14.156958986149903,0.3998769117425511,26.0,3.905999256392587,1.0
81.64471631861014,136.23392514654122,0.02361984162355002,362.0,1.2744358677534888,0.0
25.273807621778246,142.4837104621969,0.15100529847828165,383.0,0.8848341011785428,0.0
14.707692200553065,24.199793824913506,0.3676399685939984,39.0,2.8865923359583805,1.0
104.43405421435988,76.01442052591375,0.04645379191483898,143.0,1.5338850689076788,0.0
53.649173262821265,67.86856214588605,0.09495318049762996,406.0,1.415592670593205,0.0
68.08100817312418,130.76388251718762,0.077431010604446,487.0,0.9701096639342147,0.0
88.79333497038917,133.79117865044964,0.09457278255347391,282.0,1.2287422533467696,0.0
83.49317030205752,138.8638888083091,0.11129036570058261,409.0,0.8571874620408871,0.0
81.29758312882193,120.15968581355102,0.031545114625372316,491.0,1.1893996343118154,0.0
89.75889181737051,153.625219542095,0.10680667844330746,376.0,1.0328932214795878,0.0
33.61100759309818,11.378974743203372,0.7132446459534998,45.0,3.5063812393267626,1.0
48.39938089991854,29.061018589544084,0.07045252792319684,24.0,3.8180750799230387,1.0
71.33158837883516,149.3875602346792,0.06646604710079408,367.0,1.658235703793853,0.0
67.11061305675142,94.4352358210322,0.032590224735936334,385.0,0.9719724432549594,0.0
57.550419651450106,122.03013774188129,0.10232983672367034,218.0,0.9982818465917928,0.0
70.45077075346646,77.85625357169017,0.0815628953886165,129.0,1.5127068197175828,0.0
69.29187763945274,60.667528128986156,0.11296352015799342,473.0,1.3537969597091324,0.0
81.46120119436674,98.99747911062333,0.005679436926888822,79.0,1.7311702827110944,0.0
88.84320329053403,122.5398384219829,0.17502468379359928,318.0,1.1973904889973497,0.0
43.39879786444176,15.888878968472323,0.24543952782852876,21.0,3.6995295987511088,1.0
37.9150817194652,5.594055412601085,0.26565516599058103,29.0,3.509494884172694,1.0
55.22361277731099,148.95511478185998,0.22962943649785666,157.0,1.1497727619537177,0.0
102.080218497352,122.68778302105304,0.0557197143976586,324.0,1.258500020150307,0.0
64.06378382210656,120.2484572987378,0.1396909878505054,497.0,1.70322580800428,0.0
21.88682670425997,21.617379975904587,0.16600519217492835,26.0,3.9802090730553124,1.0
66.9949211551486,157.73336852608327,0.12745491491604866,435.0,0.69299946961616,0.0
31.62590980915058,17.64039843941835,0.7038755540235333,33.0,3.4358949317484875,1.0
84.3337500075306,130.8902774314355,0.05817110664870478,214.0,1.1495310861823422,0.0
81.91760604750928,127.67720550312669,0.03322866809159481,211.0,0.6640006419313446,0.0
30.98981222602731,20.147588629761675,0.3847263376919652,18.0,2.605672307962941,1.0
91.25676793709685,113.87791454854695,0.10634939362741146,392.0,0.728590125656672,0.0
73.76964109730471,112.900235260443,0.03298021951829024,493.0,1.792303432998195,0.0
77.31160061825368,54.589013737854344,0.10650461540683716,443.0,1.4195884015155187,0.0
26.712973748640252,26.314355023552295,0.22493745721487216,15.0,3.759862248016955,1.0
19.115121763732084,22.679808721830995,0.06654330774672766,11.0,3.6553566008714555,1.0
28.3550413592708,20.844175472023075,0.5649230184918647,22.0,4.286592703379636,1.0
75.14312443570098,87.21314276703751,0.059150838854648675,207.0,0.7094435584408614,0.0
91.44389723505405,117.174162739475,0.06526504566299737,363.0,1.9231003466350223,0.0
85.42882780893265,146.3686208310268,0.08770624475736288,89.0,0.7921840744518419,0.0
99.15471248297065,137.65920455212208,0.1385014986263006,111.0,1.0926194237407065,0.0
25.448967881386434,14.01268526660493,0.04250277542506237,14.0,3.91010807744163,1.0
47.42540303342406,22.058207320727,0.6709659745148467,5.0,3.8072509902643508,1.0
60.15950581468397,129.68392392279745,0.02640160772900318,237.0,1.6710593161769012,0.0
75.54014955953546,135.29462123328352,0.04441269960126051,132.0,1.0583941160153953,0.0
88.69341713714716,90.1890636868055,0.08682286462551655,455.0,0.6724378207242006,0.0
76.16251892988765,153.5819148599514,0.046080191537228116,453.0,1.196759283169999,0.0
88.34112910734726,136.67736093898327,0.04164983708498362,482.0,1.3396994106835063,0.0
66.84708832748618,75.86654296845329,0.052101263119905115,257.0,1.306962713488635,0.0
84.73407505385511,124.37814882434323,0.08041326507863415,216.0,0.4809792691658279,0.0
111.39752463395892,133.50062020265497,0.045671614819085736,291.0,1.0933599997657788,0.0
35.47854177806996,11.17418588088377,0.3530711804430463,28.0,3.549075427277941,1.0
97.00520718135053,120.32948677747204,0.055196889244626283,180.0,0.4759163014475789,0.0
85.84537557980003,105.29333549883674,0.01733090348982083,262.0,1.2908599543504606,0.0
77.2270645468211,113.48321525343971,0.0854246372969756,162.0,0.7898520898504642,0.0
94.03320688197724,102.55218197155185,0.01834095947220315,316.0,1.4258239714495016,0.0
102.42411966851594,122.72227691256519,0.0839351161756984,235.0,1.5249548744535528,0.0
18.71415848382849,27.059689200526456,0.39662038058489374,49.0,3.0336375131554854,1.0
81.97228725208178,89.48326976695077,0.10959337140764504,318.0,1.5843871068509117,0.0
44.086095426492925,99.68177447972167,0.06638046163534671,273.0,1.4805060572197752,0.0
24.018198279488033,19.4950744693618,0.09748593941147572,41.0,3.187211817307603,1.0
102.13923572080263,146.78567448968866,0.014916369069993298,354.0,0.9318553519644254,0.0
40.91890528894662,16.623676523949854,0.13753991427977907,24.0,3.9941808376267613,1.0
92.46547786501961,143.68099667009116,0.02665094103307288,229.0,1.4386467774613607,0.0
80.57871684471375,107.20185050822701,0.14587223268554192,169.0,0.8157847689844864,0.0
79.92317199919893,167.3330461479566,0.06569140609014416,154.0,1.247914915318662,0.0
12.315081344409478,2.0,0.586124029148281,32.0,3.789892726928094,1.0
27.46660922747835,18.81012327386234,0.39582866390880855,35.0,3.7659602755597668,1.0
37.14365316774024,22.96177748951331,0.16562236303368427,40.0,3.7544893172761533,1.0
87.98463778330023,144.7328118715494,0.05092030175173398,437.0,1.1090419939860743,0.0
76.92257466700934,79.59592353661303,0.04353479587074476,241.0,1.7220799282082573,0.0
89.55359425058315,139.00264623082046,0.08621216143317433,306.0,1.3046105994055914,0.0
55.17356985222224,76.75947600797838,0.06506290841169703,140.0,0.9290010024732385,0.0
86.69108302223121,113.40192614200993,0.11729435201975462,107.0,0.7164575197195715,0.0
36.42574849939454,29.557539720456248,0.1983203188942869,48.0,3.829173642926109,1.0
63.59792944307026,134.43085994290965,0.1166746482600892,81.0,1.3543597576123365,0.0
77.21064984220926,101.91065062298989,0.12585199119345977,485.0,1.1276893672356043,0.0
88.55805554207728,113.58140568417565,0.05806839010202488,402.0,1.525256504104829,0.0
81.96586739069217,134.7689073581411,0.05975079525074914,323.0,1.3934294908718965,0.0
64.88160575564683,87.28658242348567,0.09024771822878093,179.0,0.9653021907677148,0.0
25.364393601443226,15.96631923759719,0.16367942354334028,25.0,2.670582011669069,1.0
40.30185398601502,8.96953013775818,0.0027508147714065674,38.0,2.6871536967435983,1.0
77.69472343456974,82.21760799881599,0.21515803307118397,65.0,1.9854520270741238,0.0
73.90377475423077,92.13032498608261,0.03878495096308711,335.0,1.1789577144788534,0.0
73.89382645474512,103.14580369423231,0.10662911091518856,86.0,1.0754885673649361,0.0
93.73853813534019,128.64657189270972,0.2234373503114628,112.0,1.5146937796667257,0.0
78.46404940083356,126.1412005806159,0.0840344487982966,483.0,1.3684826252248803,0.0
89.21148765668936,127.46740796025088,0.057341847254663875,205.0,1.1764067194882888,0.0
70.15917595038549,152.71979808264396,0.21254635877089495,171.0,1.1692920798030733,0.0
94.53496805413786,154.97016269651456,0.13891415831481546,375.0,1.1862859282599947,0.0
78.35398727554724,93.37608525773521,0.18932489924625875,102.0,1.1342100119247926,0.0
62.63803051649867,131.79689330954483,0.0437660491811487,126.0,0.9977402945406046,0.0
27.67921924641623,2.0,0.29381466385808713,45.0,4.205208984308169,1.0
66.58688972030784,154.44769273547965,0.08861639697688406,145.0,0.6488370014016098,0.0
57.27867836309691,149.0317616033842,0.18742667951259018,135.0,1.274964067898038,0.0
42.978464415365515,13.933788776615948,0.023813804784952423,46.0,4.265645088958297,1.0
96.90861810452049,157.82811970688954,0.1709038196514932,150.0,1.6365685189176942,0.0
39.19988845551464,19.376155984844583,0.1767061884706888,21.0,3.4463584551629793,1.0
92.41982265195588,89.61948445835515,0.10926191861184553,271.0,1.4652169052820903,0.0
76.56061019671537,129.8323940985585,0.12495733938014815,99.0,1.468371297034428,0.0
40.14089124709764,14.931182009719542,0.4304314386624755,19.0,3.5898265758535963,1.0
93.96257339525795,99.17208713255793,0.054806697949312755,422.0,1.0651000382346236,0.0
28.80012830165713,25.725618725272383,0.5305491133784624,27.0,3.4422530261573323,1.0
80.05694377432188,138.93714984201443,0.11936998717060979,186.0,1.2080676185175558,0.0
84.01567193515754,116.85125531999482,0.08952303827371613,207.0,1.3297424716405246,0.0
45.860829917212,17.224561561134397,0.18844247923970164,42.0,2.787068356084356,1.0
102.2218332148846,115.67146864439235,0.17582351595400697,481.0,1.8243503232892389,0.0
85.46801733549894,199.04222263245,0.11762502111754981,302.0,1.5120978696659355,0.0
24.1254903479088,25.561139420143714,0.18040073142611035,26.0,2.8393029180747096,1.0
66.80735557011586,114.10504738805678,0.11326263877230548,208.0,1.2525617569213416,0.0
36.89909651635833,11.060735649728478,0.1419280715323903,47.0,3.641048858231212,1.0
32.75572898962545,15.932828901065553,0.24507927225646212,14.0,2.844935172638219,1.0
64.76631378188688,91.21716740574396,0.01376624796291202,359.0,1.2625253585591345,0.0
64.40023840639256,110.2804567351071,0.027043176516411797,291.0,0.6886888386802132,0.0
82.46586054465953,123.06769978942248,0.04230576123797924,356.0,0.7531518293006738,0.0
55.99691226434784,131.43814170242928,0.04315668902970949,323.0,1.1832392610364666,0.0
74.86488592004176,131.3906274184195,0.09740911774202432,176.0,1.1217196129814042,0.0
75.3699041668038,112.00759397774469,0.19415271976776685,150.0,0.8757366750702917,0.0
85.06361823198401,118.35195401391246,0.1563094326541951,241.0,0.8895702178348242,0.0
25.13835805827291,18.128894463168287,0.1324040665673472,42.0,4.319032760246077,1.0
86.81630507321545,156.85262436840452,0.08205279103926298,347.0,1.422476999952763,0.0
31.34795604145148,17.218224838590032,0.14364768371827866,27.0,4.038056133359013,1.0
80.46375917049049,124.52764580419488,0.09737821144482058,78.0,1.3329915723768022,0.0
99.78519796612095,59.05141294010919,0.06993433289869067,387.0,0.6775928794685564,0.0
51.58623726900856,13.004000379929744,0.4891366394473815,40.0,3.010636318626748,1.0
32.71939753386089,17.163127873460837,0.030000071446166926,18.0,3.933969929012632,1.0
47.246011064932986,16.655593087544244,0.102508692418189,21.0,4.2436503363655955,1.0
74.14304075805785,86.3112885267861,0.16378214239015168,248.0,2.047748090685273,0.0
76.40966558790464,61.964077928606464,0.04800894665930484,241.0,0.9172412198316908,0.0
85.48211708964251,101.38444138054015,0.1219126453624106,458.0,1.1218764859282766,0.0
76.91843663198554,134.9615832320917,0.12400302268590836,490.0,0.8096746693182355,0.0
24.19414335701484,17.408071699750625,0.3122878485759783,13.0,3.993946940474223,1.0
61.58000178766254,157.1365106375619,0.20042110846589367,171.0,1.0755558535901912,0.0
73.57508266755339,125.43942653584259,0.026340383402398942,366.0,1.44940411530574,0.0
76.32083231086835,112.90660740106459,0.1595895448550061,353.0,1.2492696417937394,0.0
77.18493513607322,129.7226766696014,0.14296324302023872,277.0,1.0679760984748503,0.0
72.73954802640986,124.50243391035072,0.06631057733929975,386.0,1.8423816646362046,0.0
